function C = bluemap()

C = ...
[255,255,255;
255,255,255;
255,255,255;
254,254,255;
253,253,255;
253,253,255;
252,252,255;
251,251,255;
251,251,255;
250,250,255;
249,249,255;
249,249,255;
248,248,255;
248,248,255;
247,247,255;
246,246,255;
246,246,255;
245,245,255;
244,244,255;
244,244,255;
243,243,255;
243,243,255;
242,242,255;
241,241,255;
241,241,255;
240,240,255;
239,239,255;
239,239,255;
238,238,255;
237,237,255;
237,237,255;
236,236,255;
236,236,255;
235,235,255;
234,234,255;
234,234,255;
233,233,255;
232,232,255;
232,232,255;
231,231,255;
231,231,255;
230,230,255;
229,229,255;
229,229,255;
228,228,255;
227,227,255;
227,227,255;
226,226,255;
226,226,255;
225,225,255;
224,224,255;
224,224,255;
223,223,255;
222,222,255;
222,222,255;
221,221,255;
220,220,255;
220,220,255;
219,219,255;
219,219,255;
218,218,255;
217,217,255;
217,217,255;
216,216,255;
215,215,255;
215,215,255;
214,214,255;
213,213,255;
213,213,255;
212,212,255;
211,211,255;
211,211,255;
210,210,255;
209,210,255;
209,209,255;
208,208,255;
207,208,255;
207,207,255;
206,206,255;
205,206,255;
205,205,255;
204,204,255;
203,204,255;
203,203,255;
202,202,255;
201,202,255;
201,201,255;
200,200,255;
199,200,255;
199,199,255;
198,198,255;
197,198,255;
197,197,255;
196,196,255;
195,196,255;
195,195,255;
194,194,255;
193,194,255;
193,193,255;
192,193,255;
191,192,255;
191,191,255;
190,191,255;
189,190,255;
189,189,255;
188,189,255;
187,188,255;
187,187,255;
186,187,255;
185,186,255;
185,185,255;
184,185,255;
183,184,255;
183,183,255;
182,183,255;
181,182,255;
181,181,255;
180,181,255;
179,180,255;
179,179,255;
178,179,255;
177,178,255;
177,177,255;
176,177,255;
175,176,255;
175,176,255;
174,175,255;
173,174,255;
173,174,255;
172,173,255;
171,172,255;
171,172,255;
170,171,255;
169,170,255;
169,170,255;
168,169,255;
167,168,255;
167,168,255;
166,167,255;
165,166,255;
165,166,255;
164,165,255;
163,164,255;
163,164,255;
162,163,255;
161,162,255;
161,162,255;
160,161,255;
159,160,255;
158,160,255;
158,159,255;
157,158,255;
156,158,255;
156,157,255;
155,156,255;
154,156,255;
154,155,255;
153,154,255;
152,154,255;
152,153,255;
151,152,255;
150,152,255;
150,151,255;
149,150,255;
148,150,255;
148,149,255;
147,148,255;
146,148,255;
146,147,255;
145,146,255;
144,146,255;
144,145,255;
143,144,255;
142,144,255;
142,143,255;
141,142,255;
140,142,255;
139,141,255;
139,140,255;
138,140,255;
137,139,255;
137,138,255;
136,138,255;
135,137,255;
135,136,255;
134,136,255;
133,135,255;
133,134,255;
132,134,255;
131,133,255;
131,132,255;
130,132,255;
128,130,255;
126,128,255;
124,126,255;
122,124,255;
120,122,255;
118,120,255;
116,117,255;
114,115,255;
112,113,255;
110,111,255;
108,109,255;
106,107,255;
104,105,255;
102,103,255;
100,101,255;
98,99,255;
96,97,255;
94,95,255;
92,93,255;
90,91,255;
88,89,255;
86,87,255;
83,84,255;
81,82,255;
79,80,255;
77,78,255;
75,76,255;
73,74,255;
71,72,255;
69,70,255;
67,68,255;
65,66,255;
63,64,255;
61,62,255;
59,60,255;
57,58,255;
55,56,255;
53,54,255;
51,52,255;
49,49,255;
47,47,255;
45,45,255;
43,43,255;
41,41,255;
39,39,255;
37,37,255;
35,35,255;
33,33,255;
31,31,255;
29,29,255;
26,27,255;
24,25,255;
22,23,255;
20,21,255;
18,19,255;
16,16,255;
14,14,255;
12,12,255;
10,10,255;
8,8,255;
6,6,255;
4,4,255;
2,2,255;
0,0,255]./255;
